245,0
246,1014
247,1025
248,1035
249,1046
250,1055
251,1065
252,1074
253,1084
254,1092
255,1101
256,1110
257,1118
258,1126
259,1134
260,1142
261,1150
262,1157
263,1164
264,1171
265,1178
266,1185
267,1191
268,1198
269,1204
270,1210
271,1215
272,1221
273,1227
274,1232
275,1237
276,1242
277,1247
278,1252
279,1257
280,1262
281,1267
282,1271
283,1276
284,1281
285,1286
286,1291
287,1296
288,1301
289,1306
290,1311
291,1316
292,1321
293,1326
294,1331
295,1336
296,1341
297,1346
298,1351
299,1021
300,1032
301,1042
302,1052
303,1061
304,1071
305,1080
306,1089
307,1098
308,1107
309,1115
310,1123
311,1132
312,1139
313,1147
314,1155
315,1162
316,1169
317,1176
318,1183
319,1189
320,1196
321,1202
322,1208
323,1214
324,1219
325,1225
326,1230
327,1236
328,1241
329,1246
330,1251
331,1255
332,1260
333,1265
334,1270
335,1275
336,1280
337,1285
338,1290
339,1295
340,1299
341,1304
342,1309
343,1314
344,1319
345,1324
346,1329
347,1334
348,1339
349,1344
350,1349
351,1014
352,1024
353,1034
354,1044
355,1054
356,1064
357,1073
358,1082
359,1091
360,1100
361,1108
362,1116
363,1125
364,1132
365,1140
366,1148
367,1155
368,1162
369,1169
370,1176
371,1183
372,1189
373,1195
374,1201
375,1207
376,1213
377,1219
378,1224
379,1229
380,1234
381,1239
382,1244
383,1249
384,1254
385,1259
386,1264
387,1269
388,1274
389,1279
390,1284
391,1289
392,1294
393,1299
394,1304
395,1309
396,1314
397,1319
398,1324
399,1328
400,1333
401,1338
402,1343
403,1348
404,1410
405,1023
406,1033
407,1043
408,1053
409,1063
410,1072
411,1081
412,1090
413,1099
414,1108
415,1116
416,1125
417,1133
418,1140
419,1148
420,1155
421,1163
422,1170
423,1177
424,1183
425,1190
426,1196
427,1202
428,1208
429,1214
430,1220
431,1225
432,1231
433,1236
434,1241
435,1246
436,1251
437,1256
438,1261
439,1266
440,1270
441,1275
442,1280
443,1285
444,1290
445,1295
446,1300
447,1305
448,1310
449,1315
450,1319
451,1324
452,1329
453,1334
454,1339
455,1344
456,1349
457,1017
458,1028
459,1038
460,1048
461,1058
462,1068
463,1077
464,1086
465,1095
466,1104
467,1112
468,1121
469,1129
470,1137
471,1145
472,1152
473,1160
474,1167
475,1174
476,1181
477,1187
478,1194
479,1200
480,1206
481,1212
482,1218
483,1223
484,1229
485,1234
486,1239
487,1244
488,1249
489,1254
490,1259
491,1264
492,1269
493,1274
494,1279
495,1284
496,1289
497,1294
498,1298
499,1303
500,1308
501,1313
502,1318
503,1323
504,1328
505,1333
506,1338
507,1343
508,1348
509,1055
510,1024
511,1034
512,1044
513,1054
514,1064
515,1073
516,1082
517,1092
518,1100
519,1109
520,1117
521,1126
522,1134
523,1142
524,1149
525,1157
526,1164
527,1171
528,1178
529,1185
530,1191
531,1197
532,1204
533,1210
534,1216
535,1221
536,1227
537,1232
538,1237
539,1242
540,1247
541,1252
542,1257
543,1262
544,1267
545,1272
546,1277
547,1282
548,1287
549,1292
550,1297
551,1302
552,1307
553,1311
554,1317
555,1321
556,1326
557,1331
558,1336
559,1341
560,1346
561,1351
562,1021
563,1031
564,1041
565,1051
566,1061
567,1071
568,1080
569,1089
570,1098
571,1106
572,1115
573,1123
574,1131
575,1139
576,1147
577,1154
578,1161
579,1168
580,1175
581,1182
582,1189
583,1195
584,1201
585,1207
586,1213
587,1219
588,1224
589,1230
590,1235
591,1240
592,1245
593,1250
594,1255
595,1260
596,1265
597,1270
598,1275
599,1280
600,1285
601,1290
602,1295
603,1300
604,1305
605,1309
606,1315
607,1319
608,1324
609,1329
610,1334
611,1339
612,1344
613,1349
614,1017
615,1028
616,1038
617,1048
618,1058
619,1067
620,1077
621,1086
622,1095
623,1104
624,1112
625,1121
626,1129
627,1137
628,1145
629,1152
630,1160
631,1167
632,1174
633,1181
634,1187
635,1194
636,1200
637,1206
638,1212
639,1218
640,1223
641,1229
642,1234
643,1239
644,1244
645,1249
646,1254
647,1259
648,1264
649,1269
650,1274
651,1279
652,1284
653,1289
654,1294
655,1298
656,1303
657,1308
658,1313
659,1318
660,1323
661,1328
662,1333
663,1338
664,1343
665,1348
666,1013
667,1023
668,1033
669,1043
670,1053
671,1063
672,1072
673,1081
674,1091
675,1099
676,1108
677,1116
678,1124
679,1133
680,1140
681,1148
682,1155
683,1163
684,1170
685,1176
686,1183
687,1190
688,1196
689,1202
690,1208
691,1214
692,1219
693,1225
694,1230
695,1235
696,1240
697,1245
698,1250
699,1255
700,1260
701,1265
702,1270
703,1275
704,1280
705,1285
706,1290
707,1295
708,1300
709,1304
710,1309
711,1314
712,1319
713,1324
714,1329
715,1334
716,1339
717,1344
718,1349
719,1642
720,1024
721,1034
722,1045
723,1054
724,1064
725,1074
726,1083
727,1092
728,1101
729,1109
730,1118
731,1126
732,1134
733,1142
734,1149
735,1157
736,1164
737,1171
738,1178
739,1185
740,1191
741,1197
742,1204
743,1210
744,1215
745,1221
746,1227
747,1232
748,1237
749,1242
750,1247
751,1252
752,1257
753,1262
754,1267
755,1271
756,1276
757,1281
758,1286
759,1291
760,1296
761,1301
762,1306
763,1311
764,1315
765,1320
766,1325
767,1330
768,1335
769,1340
770,1345
771,1350
772,1017
773,1027
774,1037
775,1047
776,1057
777,1067
778,1076
779,1085
780,1094
781,1102
782,1111
783,1119
784,1127
785,1135
786,1143
787,1150
788,1158
789,1165
790,1172
791,1179
792,1185
793,1192
794,1198
795,1204
796,1210
797,1216
798,1221
799,1227
800,1232
801,1237
802,1242
803,1247
804,1252
805,1257
806,1262
807,1266
808,1271
809,1276
810,1281
811,1286
812,1291
813,1296
814,1301
815,1306
816,1311
817,1316
818,1321
819,1326
820,1331
821,1336
822,1341
823,1346
824,1351
825,1019
826,1029
827,1039
828,1049
829,1059
830,1068
831,1077
832,1087
833,1095
834,1104
835,1113
836,1121
837,1129
838,1137
839,1144
840,1152
841,1159
842,1166
843,1173
844,1180
845,1186
846,1193
847,1199
848,1205
849,1211
850,1217
851,1222
852,1228
853,1233
854,1238
855,1243
856,1248
857,1253
858,1257
859,1262
860,1267
861,1272
862,1277
863,1282
864,1287
865,1292
866,1297
867,1302
868,1307
869,1311
870,1316
871,1321
872,1326
873,1331
874,1336
875,1341
876,1346
877,1351
878,1021
879,1031
880,1042
881,1052
882,1061
883,1071
884,1080
885,1089
886,1098
887,1107
888,1115
889,1124
890,1132
891,1140
892,1147
893,1155
894,1162
895,1169
896,1176
897,1183
898,1190
899,1196
900,1202
901,1208
902,1214
903,1220
904,1225
905,1231
906,1236
907,1241
908,1246
909,1251
910,1256
911,1261
912,1266
913,1271
914,1276
915,1281
916,1286
917,1291
918,1296
919,1300
920,1305
921,1310
922,1315
923,1320
924,1325
925,1330
926,1335
927,1340
928,1345
929,1350
930,1020
931,1031
932,1041
933,1051
934,1061
935,1070
936,1079
937,1089
938,1097
939,1106
940,1115
941,1123
942,1131
943,1139
944,1147
945,1154
946,1162
947,1169
948,1176
949,1182
950,1189
951,1195
952,1202
953,1208
954,1214
955,1219
956,1225
957,1230
958,1236
959,1241
960,1246
961,1251
962,1256
963,1261
964,1266
965,1271
966,1276
967,1281
968,1285
969,1290
970,1295
971,1300
972,1305
973,1310
974,1315
975,1320
976,1325
977,1330
978,1335
979,1340
980,1345
981,1350
982,1019
983,1029
984,1040
985,1050
986,1059
987,1069
988,1078
989,1087
990,1096
991,1105
992,1114
993,1122
994,1130
995,1138
996,1146
997,1153
998,1161
999,1168
1000,1175
1001,1182
1002,1188
1003,1195
1004,1201
1005,1207
1006,1213
1007,1219
1008,1224
1009,1230
1010,1235
1011,1240
1012,1245
1013,1250
1014,1255
1015,1260
1016,1265
1017,1270
1018,1275
1019,1280
1020,1285
1021,1290
1022,1295
1023,1300
1024,1305
1025,1310
1026,1315
1027,1320
1028,1325
1029,1330
1030,1335
1031,1340
1032,1345
1033,1350
1034,1015
1035,1026
1036,1036
1037,1046
1038,1056
1039,1065
1040,1075
1041,1084
1042,1093
1043,1101
1044,1110
1045,1118
1046,1127
1047,1134
1048,1142
1049,1150
1050,1157
1051,1164
1052,1171
1053,1178
1054,1185
1055,1191
1056,1197
1057,1204
1058,1209
1059,1215
1060,1221
1061,1226
1062,1232
1063,1237
1064,1242
1065,1247
1066,1252
1067,1257
1068,1262
1069,1266
1070,1271
1071,1276
1072,1281
1073,1286
1074,1291
1075,1296
1076,1301
1077,1306
1078,1311
1079,1316
1080,1321
1081,1325
1082,1330
1083,1335
1084,1340
1085,1345
1086,1350
1087,1014
1088,1024
1089,1035
1090,1045
1091,1054
1092,1064
1093,1073
1094,1082
1095,1091
1096,1100
1097,1109
1098,1117
1099,1125
1100,1133
1101,1141
1102,1148
1103,1156
1104,1163
1105,1170
1106,1177
1107,1184
1108,1190
1109,1196
1110,1202
1111,1208
1112,1214
1113,1220
1114,1225
1115,1230
1116,1236
1117,1241
1118,1246
1119,1251
1120,1256
1121,1261
1122,1266
1123,1271
1124,1276
1125,1281
1126,1286
1127,1290
1128,1295
1129,1300
1130,1305
1131,1310
1132,1315
1133,1320
1134,1325
1135,1330
1136,1335
1137,1340
1138,1345
1139,1350
1140,1017
1141,1028
1142,1038
1143,1048
1144,1058
1145,1067
1146,1076
1147,1086
1148,1094
1149,1103
1150,1112
1151,1120
1152,1128
1153,1136
1154,1144
1155,1151
1156,1158
1157,1166
1158,1173
1159,1179
1160,1186
1161,1192
1162,1199
1163,1205
1164,1211
1165,1216
1166,1222
1167,1227
1168,1233
1169,1238
1170,1243
1171,1248
1172,1253
1173,1257
1174,1262
1175,1267
1176,1272
1177,1277
1178,1282
1179,1287
1180,1292
1181,1297
1182,1302
1183,1307
1184,1312
1185,1317
1186,1322
1187,1327
1188,1331
1189,1336
1190,1342
1191,1346
1192,1351
1193,1023
1194,1033
1195,1043
1196,1053
1197,1063
1198,1072
1199,1081
1200,1091
